id	label	x	y	cluster	weight<Links>	weight<Total link strength>	weight<Occurrences>	score<Avg. pub. year>	score<Avg. citations>	score<Avg. norm. citations>
18	academic achievements	0.295	-0.2111	2	16	17	3	2022.3333	8.6667	0.7493
24	action research	-0.1732	0.4958	3	7	7	3	2019.6667	9	1.3707
39	africa	0.7061	0.5487	8	6	9	5	2016	2.6	0.6274
51	africanities	0.7734	0.2957	2	10	10	3	2020	1.6667	0.2844
60	agriculture	-0.7488	0.4568	1	13	15	3	2019.3333	4	0.4664
66	algebra	-0.0705	-0.584	6	18	24	5	2019.6	1.4	0.3429
93	anthropology	0.5414	0.6911	8	7	11	5	2014.8	3.8	0.4339
108	arithmetic	0.1099	-0.82	6	10	15	5	2022.6	1.4	0.6798
113	article	0.3207	-0.1233	5	13	18	3	2020	3	0.3019
130	augmented reality	0.01	0.5273	9	8	8	3	2023.6667	7.6667	2.2879
155	batik	-0.7287	-1.0243	4	2	4	3	2022	14.3333	3.5315
161	behavioral research	-0.0438	0.1837	3	16	16	3	2022.3333	0	0
163	beliefs	0.8216	-0.2518	2	5	9	3	2023	2.6667	0.4926
170	bibliometric analysis	1.2765	-0.1551	2	3	4	4	2024.5	9.75	3.2786
205	buildings	-0.8167	0.5767	1	11	13	3	2020.6667	3.6667	0.5693
261	cognition	0.5	-0.0335	5	14	17	5	2015.4	7.4	0.689
263	cognitive anthropology	0.4935	-0.1048	5	8	10	3	2014.3333	2	0.3705
273	cognitive systems	-0.5282	0.0433	1	20	23	3	2019.6667	14.3333	1.4108
302	comparison techniques	-0.9496	-0.011	1	12	16	3	2020	10.3333	1.7632
305	computational thinking	0.9824	0.5093	2	4	5	3	2025.3333	2	1.8108
306	computer aided instruction	-0.2551	-0.2686	4	22	30	5	2022.8	1	0.1418
319	conceptual understanding	-0.1056	-0.3858	2	2	2	3	2025.3333	1	0.3344
322	congruence	-0.9346	1.2047	10	3	4	3	2022.3333	8.6667	1.9059
333	constructivism	0.0156	-0.8156	2	2	3	3	2006.3333	27.6667	1.4868
337	contextual learning	-0.6124	-0.8853	7	4	4	3	2021.3333	6.3333	0.6244
344	control groups	-1.0661	-0.322	1	15	26	4	2020.25	4.75	0.7154
351	copyrights	-0.1598	0.3525	3	19	23	6	2021	0.3333	0.0428
354	counting	0.6515	0.6691	8	4	5	3	2022.6667	7.6667	1.2558
360	covid-19	1.1483	-0.3122	5	4	5	3	2021.6667	7.3333	1.3165
370	creative thinking	-0.1212	-0.1874	2	19	24	7	2022.8571	5.5714	1.3659
373	creativity	-0.7209	-0.9753	4	3	5	4	2024	5.5	0.9385
377	critical mathematics education	0.6449	-0.3673	7	14	24	9	2021.7778	6.1111	0.6273
396	cultural anthropology	0.4413	-0.0861	5	12	16	3	2019	4.6667	0.5559
404	cultural context	-0.4045	-0.0929	4	16	19	4	2022.5	1	0.1706
409	cultural diversity	0.2324	0.2758	5	13	15	6	2020.5	3.6667	0.4636
411	cultural education	-0.3627	0.4961	1	9	10	3	2023.3333	1.3333	0.1315
416	cultural groups	-0.2043	0.2991	3	33	39	7	2019.8571	2.5714	0.2999
418	cultural heritages	-1.0424	0.411	1	6	10	3	2019.6667	9.6667	1.1687
419	cultural identity	0.3387	0.0952	5	23	26	5	2022.6	1.8	0.2492
423	cultural knowledge	0.8504	-0.1524	2	10	15	6	2021.5	6.8333	0.8699
427	cultural practices	0.2357	-0.0907	5	13	14	3	2025	0.3333	0.1115
437	cultural value	-0.8516	0.5562	1	10	11	3	2019	22.6667	1.8041
446	culturally responsive pedagogy	1.3728	-0.1033	2	4	6	3	2025.6667	1	0.9054
447	culturally responsive teaching	0.9722	0.162	8	5	7	3	2019.6667	13.3333	0.9524
452	culture	0.5664	-0.0974	2	32	76	34	2021.2941	7.0882	2.1828
454	culture and mathematics	1.2891	-0.9475	7	2	4	3	2016.6667	22.6667	1.957
461	curricula	-0.0901	-0.1139	4	30	42	8	2022.125	3.625	0.3934
463	curriculum	0.6521	0.0861	2	15	23	12	2019.6667	16.0833	1.7409
470	daily lives	-0.6571	-0.1997	1	18	21	4	2018.75	4.5	0.4051
478	data analysis techniques	-0.5008	0.6053	1	17	22	4	2020.75	5.75	0.9389
480	data collection	-0.6442	0.255	1	45	79	19	2018.8421	5.8947	0.6586
487	data presentation	-0.6283	0.6149	1	16	19	3	2021	1.3333	0.1712
508	decoloniality	0.9049	0.1659	2	7	8	4	2023	1.25	0.1996
517	design	-0.3609	0.2458	1	27	32	6	2019.5	5.6667	0.9504
522	design research	-0.3148	-0.371	4	13	13	6	2022.8333	6.3333	2.0279
530	development model	-0.9326	0.182	1	16	21	3	2020.6667	3	0.4133
562	diversity	0.316	-0.6014	7	6	8	3	2016.3333	4.3333	0.6263
563	divination	0.5715	0.2001	5	3	5	3	2004.3333	5.3333	0.3084
578	e-learning	-0.3639	-0.3363	4	13	15	3	2022	4.3333	0.7394
593	education	0.385	-0.0604	2	19	27	10	2019.1	5.7	0.7148
595	education computing	-0.637	0.0529	1	59	111	19	2019.8421	4.5263	0.5218
608	effectiveness	-0.8924	-0.7201	4	3	5	3	2023.6667	4.3333	1.3967
616	elementary school	0.6128	0.4888	9	4	6	3	2017.3333	8.3333	1.1481
618	elementary schools	-0.4305	-0.244	1	20	26	6	2019.1667	7.8333	0.9876
629	employment	-0.372	0.371	3	18	19	3	2020.6667	2	0.3272
631	engineering education	-0.3118	0.098	3	25	30	6	2021	1.1667	0.1123
645	epistemology	0.6253	-1.024	3	2	3	3	2009.3333	17	1.4711
646	equity	0.3201	-0.4345	7	11	14	5	2019	5.4	1.3776
671	ethnographic approaches	-0.637	0.4895	1	30	39	7	2020.4286	3.1429	0.4372
672	ethnographic methods	-0.7183	0.485	1	13	16	4	2019.25	6.25	0.6702
675	ethnography	0.6849	0.0066	5	9	18	11	2019.3636	15.5455	0.9997
677	ethnomatematics	-0.2384	-0.66	6	10	10	5	2019.4	1.8	0.319
678	ethnomathematic	0.1026	-0.2001	7	71	127	23	2022.5217	1.913	0.3058
690	ethnomathematics	0.4502	-0.0388	2	192	698	429	2020.0746	7.5501	1.2172
693	ethnomathematics approaches	0.4879	-0.752	6	6	19	6	2020.8333	15.5	1.9628
702	ethnomathematics program	0.8715	0.0822	2	4	4	6	2021.5	1.3333	0.2763
707	ethnomodeling	0.5624	0.288	2	23	36	9	2022.2222	12.4444	2.0275
709	ethnomodelling	0.7614	0.1794	2	21	35	14	2021.5714	5.9286	0.7463
710	ethnomodels	0.8822	0.0298	2	7	10	4	2021.25	4.25	0.551
711	ethnoscience	0.6867	-0.0458	5	5	9	5	2018.6	2.4	0.3991
717	etnomathematics	-0.1446	-0.4451	4	8	8	3	2023	4	1.3642
737	experimental research	-1.0906	-0.2726	1	19	28	4	2020.5	8.25	1.1648
763	field notes	-0.6892	0.3978	1	20	33	7	2019.1429	13.8571	1.1647
788	formal mathematics	-0.5155	-0.151	4	12	13	3	2014	8.3333	0.9169
826	gender	1.0023	0.7477	9	7	9	4	2018.25	3.5	0.6436
840	geometric patterns	0.1748	0.0728	5	8	8	3	2021.3333	3.6667	0.9887
854	geometry	0.0694	0.0446	6	67	144	47	2021.7234	7.5319	1.183
859	geometry teaching	1.3104	-0.1416	2	5	6	3	2024.3333	10.3333	5.0024
861	geometry transformations	-0.4715	0.3916	1	12	13	3	2019	7	0.7847
910	high school students	-1.0126	-0.0317	1	21	33	7	2019.2857	14	1.4855
911	higher education	1.3919	-0.1341	2	3	5	3	2025	2	1.8108
920	history	-0.1464	0.0457	3	20	28	5	2021.2	1.6	0.195
925	history of mathematics	0.2805	-0.5303	7	8	10	3	2019.3333	4.6667	0.8156
926	history of mathematics education	0.3612	-0.4901	7	10	14	4	2012.25	3	0.5204
933	houses	-0.4587	0.5374	1	21	27	6	2020.1667	4.6667	0.7211
947	identity	0.1926	0.4906	3	6	7	3	2012.3333	93.6667	2.6151
962	in-depth interviews	-0.8572	0.0075	1	20	27	5	2019.4	11.2	1.2187
972	indigenous	0.5288	0.1128	2	18	25	7	2019.1429	4	0.5541
977	indigenous culture	-0.2327	-0.7869	6	3	3	3	2011.6667	5	0.5915
978	indigenous education	0.6239	0.3808	2	13	23	8	2016.625	9.375	1.3205
985	indigenous knowledge	-0.0137	0.4576	3	12	16	8	2019.375	26.75	0.7616
987	indigenous knowledge systems	0.6276	-0.776	6	4	6	4	2023.25	4.25	0.5516
993	indigenous mathematics	0.9072	0.4282	2	8	11	4	2023.5	2.25	0.6296
997	indigenous people	-0.5213	0.4598	1	11	12	4	2018.75	6.25	0.7114
1006	indonesia	-0.7329	0.337	1	39	72	18	2020.3889	5.1111	0.6117
1021	information systems	-0.4656	-0.0278	1	19	19	3	2021.3333	2.3333	0.1786
1055	intercultural education	0.8434	0.4427	2	6	8	4	2020.5	2.25	0.316
1058	interculturality	0.7491	0.346	2	9	15	7	2018.8571	3.7143	0.4643
1093	junior high schools	-0.8034	-0.1113	1	39	72	13	2019.9231	7.0769	0.8363
1119	knowledge	0.4376	0.16	5	6	8	3	2014.6667	47.6667	1.5234
1126	knowledge system	-0.0316	0.2323	3	14	15	3	2021.6667	5.3333	1.5119
1139	language	0.5621	-0.5331	2	6	9	3	2017.6667	10	1.3649
1144	language games	0.951	0.2682	2	3	6	4	2021.5	1.5	0.2243
1153	learn+	-0.0172	0.1186	3	13	14	3	2022	0	0
1154	learning	0.303	-0.776	6	12	21	7	2017.8571	6.4286	0.8942
1156	learning approach	-0.7607	0.1389	1	22	26	4	2019.25	8	0.9688
1161	learning environments	-0.2008	-0.1539	4	13	18	3	2023	0.6667	0.0657
1166	learning materials	-1.2039	-0.1133	1	12	14	3	2019.3333	17.3333	1.4278
1167	learning mathematics	-0.8016	0.1547	1	44	76	15	2020.0667	3.8667	0.5174
1170	learning models	-0.7316	0.2791	1	19	23	4	2019.75	4	0.4453
1176	learning process	-0.5491	-0.3101	1	17	21	4	2019.25	14.25	1.5322
1183	learning style	-0.2171	-0.8094	6	4	5	3	2015.3333	1.6667	0.3382
1185	learning systems	-0.7548	-0.0838	1	46	81	14	2020.6429	8.0714	1.1646
1210	linear equations	-0.589	-0.2051	4	14	16	4	2019.75	8.75	1.1426
1218	literacy	0.5082	0.3356	9	12	20	8	2017.75	10.625	1.8838
1221	literature reviews	-0.9083	0.4505	1	11	14	4	2019.5	4.25	0.49
1222	literature studies	-0.8149	0.3321	1	14	15	3	2019.3333	3.3333	0.3527
1228	local culture	1.0569	-0.2249	5	7	9	3	2025	0.3333	0.3018
1230	local knowledge	0.7667	0.5305	8	3	3	4	2023	3.5	0.9267
1235	local wisdom	0.4955	-0.3018	2	4	6	5	2024.8	2	0.5975
1301	mathematical analysis	0.3417	-0.0956	5	14	19	4	2020.5	2.25	0.2265
1303	mathematical approach	-0.9182	0.1067	1	13	17	3	2019.3333	6.3333	0.6965
1306	mathematical communication	-0.8808	-0.5005	4	16	17	3	2021	4	1.0232
1310	mathematical concepts	-0.6257	0.177	1	76	170	36	2020.7778	5.4444	0.7469
1315	mathematical creative thinking	1.1381	0.8616	9	3	7	5	2024	21.2	3.8445
1318	mathematical education	0.2072	0.2242	5	9	10	3	2021	0.6667	0.0593
1324	mathematical ideas	0.3919	0.4244	2	6	8	3	2022.6667	14.6667	2.537
1327	mathematical knowledge	0.1524	0.383	3	20	26	10	2019.5	3.5	0.3086
1331	mathematical literacy	0.0568	0.2067	3	9	14	6	2024	4.3333	1.2285
1333	mathematical modeling	0.5641	0.0533	2	22	39	9	2020.8889	5.1111	0.7118
1334	mathematical modelling	0.6578	0.2297	2	24	42	12	2020.3333	8.9167	1.3169
1336	mathematical practice	0.2679	0.4374	2	8	10	5	2018	12.2	1.7041
1337	mathematical practices	0.5599	0.5874	8	5	6	4	2019.75	4	0.5174
1338	mathematical principle	-0.42	0.2149	1	12	12	3	2016.6667	5	0.4501
1339	mathematical problem solving	-0.8985	-0.357	1	28	40	6	2021.8333	9.5	0.9345
1341	mathematical problems	-0.9437	-0.1811	1	24	39	6	2020	6	0.7099
1342	mathematical reasoning	-1.2785	-0.0406	1	8	9	3	2024	0.6667	0.1138
1344	mathematical representations	-0.9515	0.2842	1	15	16	3	2019.3333	8	0.8608
1347	mathematical techniques	-0.1014	0.1669	1	8	10	3	2010	2	0.2179
1349	mathematical thinking	0.0305	-0.0979	3	14	14	4	2022.75	2	0.6688
1351	mathematics	0.6146	-0.1069	2	46	67	26	2019.4615	9.9231	1.6505
1358	mathematics curricula	-0.1002	0.0763	4	18	19	3	2022.3333	4.6667	0.2951
1359	mathematics curriculum	1.1568	-0.29	5	3	4	4	2018.5	8.75	0.7165
1360	mathematics education	0.2418	-0.1554	7	94	208	75	2019.8	6.6933	1.0955
1373	mathematics learning	-0.5545	-0.0073	1	79	169	35	2020.3429	6.1429	1.0582
1382	mathematics teacher	-0.3557	0.0077	3	27	34	6	2020.3333	4.6667	0.5975
1387	mathematics teaching and learning	0.9932	0.2215	8	3	5	3	2022.6667	3.6667	0.6257
1390	mathematization	0.5789	-0.3981	7	8	10	3	2020.3333	6	0.775
1402	meaningful learning	0.9241	-0.046	2	6	7	3	2022.3333	5.3333	3.3228
1404	measurement	2.0631	-0.4081	12	1	3	3	2023.6667	3.3333	0.945
1422	meta-analysis	-0.8351	-0.7423	4	6	8	4	2024.5	5.75	2.2083
1425	metacognitives	-0.662	-0.3894	1	18	21	3	2022	7.3333	1.0459
1449	modeling	0.4361	-0.5651	7	13	18	5	2016.8	15.6	1.3729
1460	modulo	-0.9379	1.2296	10	2	3	3	2020.6667	22.3333	2.9695
1465	motivation	0.2816	-0.2493	2	5	6	4	2018	25.25	2.1914
1499	narratives	0.6529	-0.551	7	4	5	3	2020.3333	1	0.2492
1543	number system	0.1681	-0.9385	6	5	8	3	2018.3333	1.3333	0.7389
1547	numbers	-0.3869	-0.5873	3	3	5	3	2022.6667	2	0.4294
1548	numeracy	0.4874	0.4295	9	10	15	6	2017.3333	11.3333	2.7417
1552	numeracy skills	1.2296	0.9337	9	2	4	3	2024.3333	1.3333	1.0169
1561	numerical cognition	0.1471	-0.9649	6	4	5	3	2017	6.3333	0.6508
1605	papua new guinea	0.2239	-0.8594	6	6	12	7	2014.5714	11.7143	1.4045
1606	parallel line	-0.9968	0.2283	1	18	21	3	2020.3333	11.3333	1.6099
1618	pattern	0.2985	-0.9038	6	5	6	3	2008	5.6667	0.3535
1626	pedagogical action	0.7365	0.0776	2	6	13	5	2021.4	8.6	0.9498
1635	pedagogy	0.8324	0.2691	8	8	10	4	2022	8.75	1.362
1644	personnel training	0.4022	0.1984	2	17	25	3	2024.3333	0.3333	0.1115
1652	philosophical aspects	-0.5082	0.521	1	12	13	3	2019.3333	2.6667	0.3109
1657	philosophy	-0.1637	0.7281	4	2	4	3	2008	36.3333	2.4924
1659	philosophy of difference	0.5887	0.8137	8	2	4	3	2021.3333	0.6667	0.1138
1661	philosophy of mathematics	-0.3855	-0.4942	3	7	9	3	2020.3333	2	0.1531
1666	physics	-0.7638	0.0665	1	73	168	40	2019.675	8.45	0.8609
1700	post test	-0.7083	-0.2781	1	10	11	3	2016	3.3333	0.3707
1724	preliminary design	-0.6557	-0.0496	1	9	11	3	2019	6.6667	0.6264
1728	primary education	-0.2767	-0.1232	4	15	17	4	2018.75	14.25	2.2164
1732	primary schools	-0.0252	-0.0825	2	28	38	6	2021	5	0.7222
1739	problem based learning	-1.0054	-0.1553	1	26	36	6	2019.5	8	0.7883
1741	problem solving	0.002	-0.4199	2	35	48	12	2020.3333	7.5833	0.7112
1742	problem solving skills	-0.7661	-0.2749	1	24	33	5	2020.8	6	0.7738
1743	problem-based learning	0.7939	-0.3404	2	4	5	3	2024.3333	4	1.3413
1746	problem-solving	0.0179	-0.4828	2	21	29	8	2023.375	7.125	3.0622
1747	problem-solving abilities	-0.8909	-0.2645	1	17	23	3	2020	8.6667	0.9917
1755	professional aspects	-0.0119	0.2986	3	15	18	3	2023.6667	0	0
1789	qualitative approach	-0.6289	0.4211	1	26	36	7	2019.8571	4.7143	0.5836
1790	qualitative method	-0.8387	0.424	1	19	25	4	2020.75	4.5	0.5883
1791	qualitative research	-0.375	0.1923	1	38	48	9	2020.3333	2.5556	0.3439
1793	quality education	0.434	-0.2322	2	9	10	3	2023.6667	3.6667	0.6195
1807	random sampling	-1.1218	-0.1985	1	19	32	5	2020.4	6.2	0.8219
1810	rasch model	1.1791	0.894	9	4	7	4	2023.75	5	0.873
1822	realistic mathematics education	-0.6857	-0.8202	4	5	7	4	2023.25	14.25	2.4161
1847	research and development	-0.6105	-0.2891	1	22	31	6	2020.5	8.6667	0.9256
1856	research instruments	-0.9729	-0.0675	1	24	40	6	2019.5	14	1.5206
1859	research methods	-0.8449	0.0829	1	37	49	8	2020.125	4.375	0.4902
1867	research subjects	-0.6681	0.3279	1	22	25	4	2020	3.75	0.5933
1888	rural areas	-0.5093	0.3098	1	26	27	5	2020.2	6.8	0.7292
1892	rural education	0.8411	0.3532	2	9	13	4	2021	2.5	0.3185
1905	sampling technique	-1.1281	-0.0907	1	16	22	4	2020	6.5	0.7153
1918	school mathematics	-0.2488	0.2159	4	30	41	9	2021.3333	12.1111	1.613
1920	school students	0.1549	-0.101	2	19	23	3	2023.3333	0.6667	0.4133
1936	secondary schools	-0.6005	-0.0543	1	23	31	5	2019.6	6.6	0.7246
1946	semi structured interviews	-0.6483	0.5332	1	14	17	3	2019.6667	2.3333	0.2586
1974	social justice	0.4745	-0.463	7	9	18	6	2019.1667	5.8333	0.6888
1984	socio-cultural	0.0014	0.4105	1	18	20	3	2017.3333	33.6667	2.0334
2010	south africa	-0.1416	0.405	3	12	14	3	2022.3333	0.6667	0.0856
2038	stem	0.1893	-0.2365	5	15	18	3	2022.6667	6	0.7943
2039	"stem (science, technology, engineering and mathematics)"	-0.592	0.2378	1	22	28	4	2021	6.25	0.8024
2041	stem education	0.5338	-0.1645	2	16	20	4	2021	11	1.2374
2065	students	-0.6136	-0.1196	1	104	343	66	2020.3485	6.7273	0.8066
2080	sundanese culture	0.0378	-0.3272	2	5	6	3	2022.3333	6	0.8247
2086	surveys	-0.9843	0.11	1	21	25	5	2019.4	5	0.51
2088	sustainable development goals	0.4524	-0.2482	2	10	11	3	2024.3333	0.3333	0.1115
2096	symmetry	1.0713	0.2914	6	3	6	4	2015.75	5	0.5782
2104	systematic review	1.0367	-0.1405	2	14	16	6	2023.6667	13.6667	4.4494
2110	t-tests	-0.9488	-0.3111	1	21	30	5	2020.4	7.8	1.1222
2122	teacher education	0.997	-0.0166	2	19	30	11	2021.4545	4.5455	1.0427
2127	teacher professional development	-0.0867	0.3134	3	10	11	3	2018.3333	21.6667	2.9831
2129	teacher training	0.6205	0.1483	2	13	18	3	2021	2.6667	0.5328
2131	teachers	0.9612	-0.5557	11	3	5	3	2018.3333	3.6667	0.5304
2133	teachers'	-0.2994	0.1602	3	27	34	5	2022.4	0.2	0.1811
2142	teaching	0.0596	-0.1479	3	70	133	27	2020.1111	4.7778	0.6284
2144	teaching and learning	-0.1385	-0.2711	4	28	37	7	2020.8571	3.1429	0.4829
2149	teaching materials	-0.5687	0.1069	1	22	28	7	2020.8571	4.8571	0.8857
2154	teaching of mathematics	0.7404	-0.1633	5	3	6	4	2014	1.75	0.2298
2200	thinking process	-0.7771	-0.0135	1	18	21	4	2019.25	8.5	1.1431
2229	traditional game	-0.0411	-0.2832	5	14	15	3	2022.6667	3.3333	0.6816
2230	traditional games	-0.069	-0.3525	2	7	9	5	2022.6	8.4	1.3004
2231	traditional house	-0.7686	0.4046	1	23	31	6	2020.3333	4.6667	0.6533
2243	transdisciplinarity	0.9571	0.5106	2	3	4	3	2022.6667	0	0
2317	weaving	-0.1602	0.254	1	20	25	6	2019.5	3.3333	0.6324
2362	youth and adult education	0.8548	0.6479	9	5	8	5	2014	2	0.2705
